4294967278,322
4294967278,375
4294967278,49
4294967278,48
4294967278,47
4294967278,46
4294967278,45
4294967278,44
4294967278,43
4294967278,42
4294967278,41
4294967278,40
4294967278,39
4294967278,36
4294967278,35
4294967278,34
4294967278,33
4294967278,32
4294967278,31
4294967278,30
4294967278,29
4294967278,28
4294967278,27
4294967278,26
4294967278,25
4294967278,24
4294967278,23
4294967278,22
4294967278,21
4294967278,19
4294967278,18
4294967278,17
4294967278,38
4294967279,524
4294967278,37
4294967278,295
214,8
214,7
4294967279,145
4294967279,135
4294967279,134
4294967279,271
4294967278,20
4294967278,362
4294967294,1422
4294967279,265
214,6
4294967279,520
4294967278,361
4294967278,265
4294967279,275
4294967279,256
214,5
214,4
214,3
214,2
214,1
4294967279,331
4294967278,261
4294967279,253
4294967278,257
4294967294,396
4294967294,179
4294967294,407
4294967294,397
4294967278,378
4294967279,305
4294967278,377
212,4
212,3
212,2
212,1
4294967294,1420
4294967279,544
211,6
4294967279,250
4294967278,411
4294967279,249
211,5
211,4
211,3
211,2
211,1
4294967278,242
4294967279,240
210,5
210,4
210,3
210,2
210,1
4294967278,229
209,5
209,4
209,3
209,2
209,1
208,5
208,4
208,3
208,2
208,1
4294967278,410
206,4
206,3
206,2
206,1
4294967279,534
4294967279,572
4294967279,303
4294967278,399
4294967278,174
4294967278,318
4294967278,317
4294967278,347
4294967278,345
4294967278,57
4294967278,55
4294967278,369
4294967278,54
4294967278,53
4294967278,52
4294967278,50
4294967279,311
4294967279,84
4294967279,83
4294967279,82
4294967279,81
4294967279,80
4294967279,79
4294967279,78
4294967279,77
4294967279,76
4294967279,71
4294967279,70
4294967279,67
4294967279,66
4294967279,65
4294967279,64
4294967279,58
4294967279,56
4294967279,293
4294967279,54
4294967279,51
4294967279,50
4294967279,49
4294967279,47
4294967279,45
4294967279,44
4294967279,41
4294967279,37
4294967279,36
4294967279,32
4294967279,23
4294967279,21
4294967279,18
4294967279,15
4294967279,14
4294967279,12
4294967279,10
4294967279,9
4294967279,8
4294967278,61
4294967294,492
4294967279,63
4294967278,389
205,6
4294967278,60
4294967278,51
4294967278,59
4294967279,59
4294967278,58
4294967294,420
4294967294,465
4294967294,184
4294967294,491
4294967294,163
4294967294,998
4294967294,1008
4294967279,57
4294967279,294
4294967278,56
4294967278,343
4294967279,166
4294967278,163
205,5
205,4
205,2
205,1
4294967279,48
4294967279,162
4294967294,490
203,4
203,3
203,2
203,1
4294967279,157
4294967294,1421
4294967279,155
4294967278,367
202,6
4294967279,39
4294967279,150
202,5
202,4
202,3
202,2
202,1
4294967279,34
4294967278,364
201,5
4294967279,29
201,4
201,3
201,2
201,1
4294967279,20
4294967279,27
4294967279,285
4294967278,290
4294967279,133
200,5
200,4
200,3
200,2
200,1
4294967279,550
199,5
199,4
199,3
199,2
199,1
4294967279,263
4294967279,11
4294967278,262
197,4
197,3
197,2
197,1
4294967278,409
4294967278,256
4294967279,516
4294967294,1089
4294967294,182
4294967294,1015
4294967278,255
4294967279,324
4294967294,395
4294967294,409
4294967294,116
4294967279,319
4294967278,252
4294967278,251
4294967278,249
4294967278,240
4294967278,243
196,6
4294967278,239
4294967278,235
4294967279,236
4294967279,238
4294967279,235
4294967278,234
4294967294,489
4294967278,222
4294967278,226
196,5
196,4
4294967278,224
196,2
196,1
4294967279,223
194,4
194,3
194,2
194,1
4294967278,408
4294967294,488
193,6
193,5
193,4
193,3
193,2
193,1
4294967278,199
4294967279,201
4294967279,307
4294967278,396
192,5
4294967278,197
192,4
192,3
192,2
192,1
191,5
191,4
4294967279,188
191,3
191,2
191,1
4294967279,558
4294967278,185
4294967294,487
190,5
4294967279,69
190,4
190,3
190,2
190,1
4294967294,486
4294967279,296
4294967294,187
4294967294,399
4294967294,178
4294967294,415
4294967294,999
4294967294,1094
4294967294,176
4294967294,1002
188,4
188,3
188,2
188,1
4294967278,302
4294967279,168
4294967278,407
4294967278,353
4294967278,301
4294967279,554
4294967279,292
4294967278,341
4294967278,342
4294967279,174
4294967279,35
4294967279,0
4294967279,538
4294967279,46
4294967279,528
4294967294,485
187,6
4294967279,328
4294967278,366
4294967278,296
4294967278,148
187,5
187,4
187,2
187,1
4294967278,141
4294967279,140
4294967279,139
4294967278,139
4294967279,138
4294967278,138
185,4
185,3
185,2
185,1
4294967278,406
184,6
4294967294,484
4294967278,397
4294967279,282
184,5
184,4
184,3
184,2
184,1
4294967279,262
183,5
183,4
183,3
183,2
183,1
4294967279,258
4294967279,257
4294967294,1418
182,5
182,4
182,3
182,2
182,1
4294967278,357
4294967294,110
4294967294,408
4294967294,411
181,5
4294967279,318
4294967278,253
181,4
181,3
181,2
181,1
4294967278,247
4294967279,244
4294967278,405
4294967278,238
4294967279,237
4294967278,237
4294967278,232
179,4
4294967279,231
179,3
179,2
179,1
4294967279,230
4294967278,230
4294967279,228
4294967279,218
4294967278,217
4294967279,216
4294967278,215
4294967279,211
4294967278,283
4294967278,386
4294967278,279
4294967278,259
4294967279,25
4294967279,283
4294967279,22
4294967279,518
4294967279,273
4294967279,281
4294967279,320
4294967278,203
4294967278,202
4294967278,194
4294967279,192
4294967279,186
4294967278,187
178,6
4294967279,565
4294967278,384
4294967294,38
4294967294,36
178,5
178,4
178,2
178,1
4294967294,1095
176,4
176,3
176,2
176,1
4294967279,555
4294967279,564
175,6
4294967278,162
4294967294,1172
4294967294,444
4294967294,167
4294967294,164
4294967294,450
4294967294,459
4294967278,380
175,5
175,4
4294967279,160
175,3
175,2
175,1
4294967278,158
4294967278,157
4294967278,156
174,5
4294967279,154
4294967278,154
4294967279,153
174,4
4294967278,153
174,3
174,2
174,1
4294967278,404
4294967294,389
4294967294,114
4294967279,288
4294967278,147
4294967278,146
173,5
4294967279,144
173,4
4294967278,144
173,3
173,2
173,1
4294967278,336
172,5
4294967278,363
4294967279,137
4294967294,89
172,4
172,3
172,2
172,1
4294967279,268
4294967278,284
170,4
170,3
170,2
170,1
4294967294,392
4294967278,334
4294967279,330
4294967279,260
4294967294,387
4294967294,388
4294967279,259
4294967278,280
4294967278,333
4294967279,562
4294967278,376
4294967278,329
4294967279,514
4294967279,513
4294967278,326
4294967279,247
4294967279,245
4294967279,243
4294967279,315
4294967278,324
4294967294,1101
4294967294,115
